00000000
00000000
00000000
00000000
8d4d0000
ad0d0000
8d4d0004
34100002
ad4d0004
8d0e0004
34100001
34110002
ad2e0000
34080004
34090008
340a000c
340b0010
01096022
01096820
11aa0002
34100001
34110002
34120003
34130004
01097020
34100001
11ca0002
34100001
34110002
34120003
34130004
01097820
34100001
34110002
11ea0002
34100001
34110002
34120003
34130004
012a6822
118d0002
34100001
34110002
34120003
34130004
012a7022
34100001
118e0002
34100001
34110002
34120003
34130004
012a7822
34100001
34110002
118f0002
34100001
34110002
34120003
34130004
34080004
34090008
340a000c
340b0010
01096022
01096820
11ab0002
34100001
34110002
34120003
34130004
01097020
34100001
11cb0002
34100001
34110002
34120003
34130004
01097820
34100001
34110002
11eb0002
34100001
34110002
34120003
34130004
012a6822
116d0002
34100001
34110002
34120003
34130004
012a7022
34100001
116e0002
34100001
34110002
34120003
34130004
012a7822
34100001
34110002
116f0002
34100001
34110002
34120003
34130004
34080004
34090008
340a000c
340b0010
01096022
340d0010
11ab0002
34100001
34110002
34120003
34130004
340e0010
34100001
11cb0002
34100001
34110002
34120003
34130004
340f0010
34100001
34110002
11eb0002
34100001
34110002
34120003
34130004
340d0008
112d0002
34100001
34110002
34120003
34130004
340e0008
34100001
112e0002
34100001
34110002
34120003
34130004
340f0008
34100001
34110002
112f0002
34100001
34110002
34120003
34130004
34080004
34090008
340a000c
340b0010
01096022
340d0010
11aa0002
34100001
34110002
34120003
34130004
340e0010
34100001
11ca0002
34100001
34110002
34120003
34130004
340f0010
34100001
34110002
11ea0002
34100001
34110002
34120003
34130004
340d0008
114d0002
34100001
34110002
34120003
34130004
340e0008
34100001
114e0002
34100001
34110002
34120003
34130004
340f0008
34100001
34110002
114f0002
34100001
34110002
34120003
34130004
34080004
34090008
340a000c
34100001
ac080000
ac090004
ac0a0008
34100001
34110002
8d0b0000
11690002
34100001
34110002
34120002
34130003
8d0c0000
34120002
11890002
34100001
34110002
34120002
34130003
8d0d0000
34120002
34130003
11a90002
34100001
34110002
34120002
34130003
8d0e0000
11c90002
34100001
34110002
34120002
34130003
8d0f0000
34120002
11e90002
34100001
34110002
34120002
34130003
8d180000
34120002
34130003
13090002
34100001
34110002
34120002
34130003
34080004
34090008
340a000c
34100001
ac080000
ac090004
ac0a0008
34100001
34110002
8d0b0000
11680002
34100001
34110002
34120002
34130003
8d0c0000
34120002
11880002
34100001
34110002
34120002
34130003
8d0d0000
34120002
34130003
11a80002
34100001
34110002
34120002
34130003
8d0e0000
110e0002
34100001
34110002
34120002
34130003
8d0f0000
34120002
110f0002
34100001
34110002
34120002
34130003
8d180000
34120002
34130003
11180002
34100001
34110002
34120002
34130003
34080004
340939a0
340a39c0
340b39a4
340c3a04
0c000d37
34100001
34110002
13e90002
34100001
34110002
34120002
34130003
0c000d3f
34100001
34110002
34120002
13ea0002
34100001
34110002
34120002
34130003
0c000d48
34100001
34110002
117f0002
34100001
34110002
34120002
34130003
0c000d50
34100001
34110002
34120002
119f0002
34100001
34110002
34120002
34130003
34080004
3409399c
340a39bc
340b39e0
340c3a00
0c000d5e
34100001
34110002
13e90002
34100001
34110002
34120002
34130003
0c000d66
34100001
34110002
34120002
13ea0002
34100001
34110002
34120002
34130003
0c000d6f
34100001
34110002
117f0002
34100001
34110002
34120002
34130003
0c000d77
34100001
34110002
34120002
119f0002
34100001
34110002
34120002
34130003
34080004
34093010
340a3030
340b3050
340c3070
0c000d89
34100001
34110002
34120002
34130003
08000d8c
34140004
03e00008
34100001
34110002
34080004
34093010
340a3030
340b3050
340c3070
0c000d98
34100001
34110002
34120002
34130003
08000d9c
34140004
34130003
03e00008
34100001
34110002
34080004
34090008
340a3b58
34100001
34110002
34120003
010a5820
01600008
34100001
34110002
34120003
34080004
34090008
340a3b88
34100001
34110002
34120003
010a5820
34100001
01600008
34100001
34110002
34120003
34080004
34090008
340a3bbc
34100001
34110002
34120003
010a5820
34100001
34110002
01600008
34100001
34110002
34120003
34080004
34090008
340a3bec
34100001
34110002
34120003
354b0000
01600008
34100001
34110002
34120003
34080004
34090008
340a3c1c
34100001
34110002
34120003
354b0000
34100001
01600008
34100001
34110002
34120003
34080004
34090008
340a3c50
34100001
34110002
34120003
354b0000
34100001
34110002
01600008
34100001
34110002
34120003
34083c84
34093008
34100000
34100000
ac080000
ac090004
34100000
34100000
8c0a0000
01400008
34100000
34100000
34100000
34083cbc
34093008
34100000
34100000
ac080000
ac090004
34100000
34100000
8c0a0000
34100000
01400008
34100000
34100000
34100000
34083cf8
34093008
34100000
34100000
ac080000
ac090004
34100000
34100000
8c0a0000
34100000
34100000
01400008
34100000
34100000
34100000
